mn 1111111100 mv

01101010, 101010 0111010 7100100101. 00101101 1001, 11000 1100 00110110 000 pour 0001 qul 100
1810. 11001. . 1001001010010000100100000011000001100111·
00010000, 11010110 mm Scriptores. Lu· 01011000 ou 100 001010111οι 1110 1011001 00000101-
1011010110 10001110. 101. 010111.01110110000000000110111,0’001,001οω.
11011001111101100, [11010110 1101000000 m- 10100 000, 000 0001010001 1001011110, 10010 im.
111101 ll. 10110 1011-1001. 11. 011101. 00, 0101 11 01001110οο1 000110 10000111
- 10101, Gom dlplmllm 1101010110. nula 100110 1001100 0010101001οι 1001000110·
1011100001. 1. ’ 111101 100 hommes 1110100001 01001001 001
subm, 11010110 a! 1100010001. 111010011οπ0 11000000 000 11111000, 0101011 quelque· 0110010,
1701101011. 101111011οο 0000110010, 001001 0110101000 001100-
100101100, llus 1100110010. 1701011101 llam. 1100 0111100010 01 10 00101110 10010, 00 0001 degn&
1110101. 00001110 0000100010οο0 00001001100000110001·
Gallia 1111011000. 101110 17101001 gr. 101. 110001 10 1011000.
1000010011, 0010101010οω 1100100110 nelli 71. 001, 0001 00 1011000 01111 1001101100101100-
001. 110001017711011. 101. 0000101101 1001111 100100111001001011001011110001
1000001010110011010100100 [11100100100111010- noue 0101100001, 01 10000011οο0 1110, 110 10 1110-
1010. 1011.1·. 0110111101, 010100 10010 101000111100101100 10
< 100101, 10011100 111 111101 111 clunes. 10110 1000000111010110101110 1011101100. Le 100100, 100·
1001-1000. gr. 1·. 1011100 10100000 010000011οι pour 000 10110 10
Lo 10100, 0011011100 100001110100100. togae 10101001 111001, 00110 que 100010 10 m
Parisiis 1001. 101. 110100 0010011011οαῑο pou 0110 1000001110. 0001
1111100100, 01000011 1110000000. 01010101 00010001, 0000010111 111 01111 0101110110 0000 11·
1010110711 01000100001110,00’0110000010010010010010-
11011000, mmm 00000 0001010100. 10101. plot. 11000 1001010100οε 100100 qui 001 1111111000
101101717101. 10000010000110100100100 100101000000111000·
1111101011,Αο0010100010110100101.1000101701 uns 1001001000110010, 1001100 1110000001 1011· ’
1770101. 00100100 10 00010 10100010001100010010101·
11100111011011001 00111101111001110101001. 0000 1000 100 11111110 quo 00110 00000 pu 0000
100017101710. 101. . 01000101, 01 011001001001001000010101011010
10110, 1100000010 00100010 1111001011. 110000· 11011. 1111011 1001 10 0111111011 00001110 1011011110
101010101001. gr. 101. 10 noum
De 1100 101110, 1110101110 llll 10 1111110. 71.1000000001101010101101071011,1111011 ,
101101001. 8⁰. 1101000111110010010110,000100000111011011110» ,

0000101, 001 001010 1010010οα. Bel· 11011001000101010010 01010οι0100 ἰ

10110301701170111. 1011011 Rome, 00 011010 dernier, lul 0 permis,
1010100110 diplomaticus 1100010110. 11100100, 1010011100001001001101011 0001111001, 10 10·
17101701. 01. 00011111 environ 10000 101110 1011101 1001010011
10100110, Histoire 0011101010 1011001100. 10110 10110 (1011011 ayant 001111, en 1711, 100 1011100
17001710. 101. 10111100 1100001101 111, 00 101 presque 10 0001 11011
73. lomes 000 0001000, 0010001100 nous 01000 que 10 monde 1111110110 011 101111 10 000 110νο01.
11010100000010011010011000001100000100011· 1111010101011000111100 1101011000 la 110000,
010001, 0101010 000100, dans lesquelles subsistent 1001 100 10101010 volumen 00 0001 00110110 10 000

100100 100 100100 1000101100 001 copiates. Nous 1100011100,100011001001010101101011011,0111 .

avons (11000010110100 1011011001011101011010, 0001111001 mmmmm-sm 0001111111, 0111
11 sulm 10 0100301 quelques lettres pour 1011001101 1111010001 000001110 011011 peu 01111010. .

1010010 0000 0011110110, 01 10 0000 dela phrase 001 Au 001111 10 000 10 11111111, 1010110 10 11011
0100110010; 01010,Ιο 0011001100 00 1011 0000 000000 1010111000 1110, 01110 11110111 1111100000 100101
· 01100001’011001.101101000001, 10 0000 111010 1000100 0010100 1001111000.

101ορρο, le 1001 10010 10010011, 01100001001111

prendre 00110 1001010110Ιο100000000000 avons msv‚-00n01m50„‚-par0533 &Alexam
0000 1001οι01, 00011 10110001011110010011010[ ] dre w,

000 0011001100 1111000100 10000. 0000001, 10 pouc- Ἰ

100000 seule 1001111010 1001 1000011110 1001000- 1100001010, 00 terminant, 1010010100 1101100101
ment. 000 1111001110, qui 0010100011010000100 . 1001100 1010001101110100110 11001 10 11100100

 

